6
4 0 11
-1 1 0
-2 3 0
-3 6 0
-4 10 0
8 0 37
-1 1 0
-2 3 0
-3 6 0
-4 10 0
-5 15 0
-6 21 0
-7 28 0
-8 36 0
16 0 137
-1 1 0
-2 3 0
-3 6 0
-4 10 0
-5 15 0
-6 21 0
-7 28 0
-8 36 0
-9 45 0
-10 55 0
-11 66 0
-12 78 0
-13 91 0
-14 105 0
-15 120 0
-16 136 0
32 0 529
-1 1 0
-2 3 0
-3 6 0
-4 10 0
-5 15 0
-6 21 0
-7 28 0
-8 36 0
-9 45 0
-10 55 0
-11 66 0
-12 78 0
-13 91 0
-14 105 0
-15 120 0
-16 136 0
-17 153 0
-18 171 0
-19 190 0
-20 210 0
-21 231 0
-22 253 0
-23 276 0
-24 300 0
-25 325 0
-26 351 0
-27 378 0
-28 406 0
-29 435 0
-30 465 0
-31 496 0
-32 528 0
64 0 2081
-1 1 0
-2 3 0
-3 6 0
-4 10 0
-5 15 0
-6 21 0
-7 28 0
-8 36 0
-9 45 0
-10 55 0
-11 66 0
-12 78 0
-13 91 0
-14 105 0
-15 120 0
-16 136 0
-17 153 0
-18 171 0
-19 190 0
-20 210 0
-21 231 0
-22 253 0
-23 276 0
-24 300 0
-25 325 0
-26 351 0
-27 378 0
-28 406 0
-29 435 0
-30 465 0
-31 496 0
-32 528 0
-33 561 0
-34 595 0
-35 630 0
-36 666 0
-37 703 0
-38 741 0
-39 780 0
-40 820 0
-41 861 0
-42 903 0
-43 946 0
-44 990 0
-45 1035 0
-46 1081 0
-47 1128 0
-48 1176 0
-49 1225 0
-50 1275 0
-51 1326 0
-52 1378 0
-53 1431 0
-54 1485 0
-55 1540 0
-56 1596 0
-57 1653 0
-58 1711 0
-59 1770 0
-60 1830 0
-61 1891 0
-62 1953 0
-63 2016 0
-64 2080 0
128 0 8257
-1 1 0
-2 3 0
-3 6 0
-4 10 0
-5 15 0
-6 21 0
-7 28 0
-8 36 0
-9 45 0
-10 55 0
-11 66 0
-12 78 0
-13 91 0
-14 105 0
-15 120 0
-16 136 0
-17 153 0
-18 171 0
-19 190 0
-20 210 0
-21 231 0
-22 253 0
-23 276 0
-24 300 0
-25 325 0
-26 351 0
-27 378 0
-28 406 0
-29 435 0
-30 465 0
-31 496 0
-32 528 0
-33 561 0
-34 595 0
-35 630 0
-36 666 0
-37 703 0
-38 741 0
-39 780 0
-40 820 0
-41 861 0
-42 903 0
-43 946 0
-44 990 0
-45 1035 0
-46 1081 0
-47 1128 0
-48 1176 0
-49 1225 0
-50 1275 0
-51 1326 0
-52 1378 0
-53 1431 0
-54 1485 0
-55 1540 0
-56 1596 0
-57 1653 0
-58 1711 0
-59 1770 0
-60 1830 0
-61 1891 0
-62 1953 0
-63 2016 0
-64 2080 0
-65 2145 0
-66 2211 0
-67 2278 0
-68 2346 0
-69 2415 0
-70 2485 0
-71 2556 0
-72 2628 0
-73 2701 0
-74 2775 0
-75 2850 0
-76 2926 0
-77 3003 0
-78 3081 0
-79 3160 0
-80 3240 0
-81 3321 0
-82 3403 0
-83 3486 0
-84 3570 0
-85 3655 0
-86 3741 0
-87 3828 0
-88 3916 0
-89 4005 0
-90 4095 0
-91 4186 0
-92 4278 0
-93 4371 0
-94 4465 0
-95 4560 0
-96 4656 0
-97 4753 0
-98 4851 0
-99 4950 0
-100 5050 0
-101 5151 0
-102 5253 0
-103 5356 0
-104 5460 0
-105 5565 0
-106 5671 0
-107 5778 0
-108 5886 0
-109 5995 0
-110 6105 0
-111 6216 0
-112 6328 0
-113 6441 0
-114 6555 0
-115 6670 0
-116 6786 0
-117 6903 0
-118 7021 0
-119 7140 0
-120 7260 0
-121 7381 0
-122 7503 0
-123 7626 0
-124 7750 0
-125 7875 0
-126 8001 0
-127 8128 0
-128 8256 0
