10
5 5 -8
0 -2 151
7 9 198
-8 9 278
0 2 122
3 1 328
5 9 -9
5 -9 279
-6 3 186
-6 9 289
5 -8 0
-1 -1 170
5 9 -7
-5 -9 170
0 7 299
2 5 20
4 1 80
-3 6 117
5 -7 4
-6 -4 113
4 -1 208
1 9 53
-2 2 192
-3 -7 130
5 -1 4
3 5 191
-8 -9 32
4 0 231
-2 8 330
-7 7 307
5 -4 -3
1 2 169
2 -3 276
2 6 287
-3 1 140
-5 -6 5
5 5 0
9 8 159
9 -4 41
-8 -7 184
8 -1 356
6 -6 23
5 1 6
-6 6 218
-3 2 163
8 7 339
2 -9 43
0 -5 173
5 7 7
2 -5 266
0 -3 215
-4 0 89
5 1 243
-4 -8 227
5 -9 7
3 3 70
-1 -1 44
-1 -6 111
-2 -1 216
-6 -7 314
