10
6 8 -69
24 -17 125
4 -37 161
46 26 197
20 -44 233
-36 44 269
35 -29 305
6 42 -36
2 12 299
22 -19 327
-45 -15 355
-49 -26 23
39 -19 51
8 20 79
6 -64 23
24 -34 126
26 -36 168
39 39 210
19 -46 252
29 17 294
15 28 336
6 -63 98
23 -10 0
-37 7 30
-7 16 60
48 -21 90
15 10 120
-38 -33 150
6 60 -48
6 -11 251
-10 44 277
-10 38 303
-24 33 329
-19 28 355
37 7 21
6 -32 67
43 -46 105
-5 -13 144
34 -25 183
32 23 222
40 -36 261
-1 31 300
6 55 -1
32 -45 110
32 29 141
21 -20 172
-24 33 203
-28 -37 234
-13 12 265
6 -95 31
5 5 323
3 -49 351
24 33 19
42 -20 47
-49 13 75
34 -2 103
6 17 37
0 25 68
1 30 106
-2 31 144
47 4 182
25 -14 220
-1 -21 258
6 30 6
36 27 98
37 -45 129
-4 -19 160
-38 7 191
-19 -16 222
-39 -21 253
