10
7 -495073 -201192
-362098 217570 105
128460 660871 113
-274132 133703 121
-851408 104539 129
-488716 140137 137
-292568 402685 145
-298015 298015 153
7 19802 -19517
-716678 -397261 190
-662511 177519 198
-589193 82805 206
-557339 -271832 214
-545677 -545677 222
-82171 -386587 230
-656149 -476720 238
7 593400 -405574
73703 -600265 322
427453 -75371 328
227123 -624016 334
651855 45582 340
291731 -449227 346
659466 -321643 352
354787 257767 358
7 -463410 502206
431734 402598 46
421796 120948 53
44297 506324 60
-118324 512520 67
-123521 358731 74
12258 351034 81
-49953 714370 88
7 -58707 -417596
-387134 -103732 172
-506399 354584 177
-588675 225971 182
-548555 428578 187
-501238 -338089 192
-316163 61455 197
-641005 -246059 202
7 -498883 117882
-25868 493608 91
-432117 665402 99
-469378 408024 107
-271334 745485 115
11830 677768 123
-84644 689376 131
-71722 819793 139
7 201386 526164
299354 172832 70
-215719 705585 78
-70577 574811 86
179771 588005 94
-350045 315182 102
-223453 526423 110
-102656 836073 118
7 -397045 -232149
183443 477887 63
365070 541239 71
368726 489316 79
194893 337565 87
93187 886617 95
-243540 707292 103
22445 320983 111
7 -127123 395087
499468 -419103 275
-255328 -480202 285
394664 -167525 295
-73000 -414005 305
364382 -97636 315
282432 -820244 325
211397 -523228 335
7 -472121 54979
-366031 452011 91
-296426 329214 96
-200946 805952 101
-543257 366431 106
-565525 628079 111
-450765 270847 116
139167 654733 121
