10
8 857 342
795 995 89
819 742 66
774 944 84
888 -64 355
122 285 25
861 -412 323
318 742 66
684 -30 358
8 915 -420
287 707 63
552 -428 322
407 -672 300
820 320 28
984 -546 311
695 327 29
905 153 13
181 827 74
8 971 190
806 176 15
819 -326 331
931 -128 349
711 -127 349
999 -111 351
577 -629 304
980 -897 280
449 525 47
8 843 -420
379 516 46
569 -900 279
708 -675 300
154 510 45
132 -688 299
500 -518 314
679 702 63
749 -658 301
8 818 -588
521 -337 330
706 -993 271
171 493 44
836 424 38
286 282 25
338 393 35
843 -419 323
441 -196 343
8 877 532
887 388 34
137 -128 349
189 -12 359
861 484 43
598 -3 0
239 -582 308
590 94 8
217 464 41
8 801 -365
981 -118 350
820 997 89
668 636 57
704 84 7
941 -93 352
862 247 22
340 971 87
194 987 88
8 959 480
887 460 41
815 430 38
236 -747 293
881 422 37
253 -737 294
398 920 82
996 -265 337
941 175 15
8 986 -407
445 -347 329
960 471 42
747 -980 272
206 181 16
490 229 20
688 527 47
152 113 10
640 100 9
8 988 414
752 -252 338
808 650 58
640 -640 303
886 113 10
694 462 41
697 -733 295
102 449 40
292 -190 343
