10
18 100000 18709
9000 78048 91
9000 43342 273
18000 97019 89
18000 -19177 271
27000 81693 88
27000 -82291 273
36000 40719 87
36000 34834 268
45000 94788 89
45000 1455 270
54000 72310 88
54000 -49760 268
63000 75657 87
63000 29787 272
72000 40631 91
72000 39949 272
81000 46613 91
81000 36113 269
18 100000 -45853
9000 48055 89
9000 -7477 272
18000 52060 90
18000 38355 273
27000 -17618 88
27000 -72893 273
36000 82929 91
36000 23730 269
45000 -48109 90
45000 -49819 269
54000 96794 92
54000 24495 273
63000 88779 88
63000 1669 273
72000 52247 89
72000 -90770 268
81000 79834 91
81000 26967 270
18 100000 51463
9000 53566 90
9000 -54529 269
18000 34133 87
18000 2989 269
27000 65130 90
27000 -99569 270
36000 42516 90
36000 17816 271
45000 -19902 90
45000 -55347 272
54000 95164 91
54000 -41073 269
63000 -2838 88
63000 -33610 272
72000 47629 90
72000 23231 272
81000 49793 91
81000 48217 269
18 100000 -91535
9000 55764 93
9000 -91415 271
18000 40575 90
18000 -14561 271
27000 62230 91
27000 43256 270
36000 75752 89
36000 13201 270
45000 90361 88
45000 18793 268
54000 72157 90
54000 40576 271
63000 65365 87
63000 19953 269
72000 18987 88
72000 -68548 272
81000 94221 93
81000 -73511 273
18 100000 39535
9000 34671 91
9000 3755 268
18000 76169 92
18000 34877 272
27000 -5190 91
27000 -51006 269
36000 -19961 92
36000 -33347 270
45000 29277 88
45000 10498 267
54000 32894 91
54000 -30409 270
63000 49029 87
63000 26385 271
72000 -41550 89
72000 -64223 270
81000 -765 90
81000 -86127 272
18 100000 79632
9000 -41878 89
9000 -68008 273
18000 88866 92
18000 46236 271
27000 93554 92
27000 -82316 273
36000 50870 89
36000 -49859 273
45000 68084 89
45000 -93195 268
54000 -28061 89
54000 -58448 268
63000 82012 88
63000 38959 270
72000 -22466 88
72000 -29437 270
81000 38599 89
81000 -13792 270
18 100000 98091
9000 88863 93
9000 -59183 267
18000 96425 87
18000 31553 272
27000 74964 90
27000 -68294 270
36000 75372 93
36000 21941 271
45000 53832 93
45000 -15741 273
54000 -3523 88
54000 -36235 269
63000 36670 90
63000 34051 269
72000 20319 93
72000 15318 272
81000 46546 87
81000 26169 272
18 100000 -19501
9000 73195 93
9000 -14145 270
18000 44471 90
18000 -46815 269
27000 51049 93
27000 -72374 268
36000 -12720 92
36000 -96882 271
45000 32304 89
45000 -91416 270
54000 76548 89
54000 29967 268
63000 45202 92
63000 -55979 272
72000 74237 89
72000 39361 272
81000 54057 92
81000 17867 267
18 100000 -87606
9000 57727 93
9000 -504 272
18000 82002 93
18000 -63110 270
27000 97341 87
27000 10654 268
36000 37266 91
36000 -56270 269
45000 48388 88
45000 23227 269
54000 -8164 93
54000 -57898 271
63000 76235 91
63000 22937 273
72000 86001 92
72000 -5348 267
81000 46104 88
81000 -95933 270
18 100000 60198
9000 77148 92
9000 11140 268
18000 32815 92
18000 -13932 268
27000 50103 93
27000 -43145 267
36000 12389 92
36000 -20089 270
45000 79147 91
45000 13043 269
54000 43047 88
54000 -32406 270
63000 26135 91
63000 -80661 271
72000 -36554 90
72000 -48347 272
81000 73057 87
81000 -92137 267
